#JOSM PicLayer plugin calibration data
#Thu Feb 15 20:04:49 CST 2024
POSITION_X=-1.037862893613745E7
POSITION_Y=5617597.845953931
INITIAL_SCALE=184.9848351186143
M00=0.3207009379244621
M11=0.3207033822675407
M10=9.717899520044804E-4
M02=25.32010005309929
M01=-9.717535245903439E-4
M12=42.13922063397222
